Table1.1. General government fiscal balance, 2019–30: overall balance
(Percentage of GDP, unless noted otherwise)
2019 2020 2021 2022 2023 2024 2025 2026 2027 2028 2029 2030
World -3.5 -9.5 -6.3 -3.7 -4.9 -5.0 -5.1 -4.7 -4.5 -4.5 -4.5 -4.6
Advanced Economies -3.0 -10.3 -7.2 -3.7 -4.6 -4.7 -4.3 -3.9 -3.8 -3.9 -3.9 -4.0
Advanced Economies excl. US -1.0 -7.6 -4.3 -3.7 -2.5 -2.6 -2.5 -2.5 -2.4 -2.5 -2.6 -2.6
Canada 0.0 -10.9 -3.1 -3.7 0.1 -2.1 -1.9 -1.6 -1.4 -1.2 -1.0 -0.8
Euro Area -0.5 -7.0 -5.1 -3.7 -3.6 -3.1 -3.2 -3.4 -3.5 -3.5 -3.6 -3.7
France -2.4 -8.9 -6.6 -3.7 -5.4 -5.8 -5.5 -5.9 -6.1 -6.1 -6.0 -6.1
Germany 1.3 -4.4 -3.2 -3.7 -2.5 -2.8 -3.0 -3.5 -3.9 -4.1 -4.3 -4.4
Italy -1.5 -9.4 -8.9 -3.7 -7.2 -3.4 -3.3 -2.8 -2.6 -2.4 -2.5 -2.5
Spain1 -3.0 -10.0 -6.7 -3.7 -3.5 -3.2 -2.7 -2.4 -2.3 -2.2 -2.1 -2.0
Japan -3.0 -9.1 -6.1 -3.7 -2.3 -2.5 -2.9 -3.1 -3.3 -4.0 -4.6 -5.3
United Kingdom -2.5 -13.2 -7.7 -3.7 -6.1 -5.7 -4.4 -3.7 -3.1 -2.8 -2.6 -2.3
United States -5.8 -14.1 -11.4 -3.7 -7.2 -7.3 -6.5 -5.5 -5.4 -5.6 -5.5 -5.6
Other Advanced Economies -0.1 -4.7 -1.1 -3.7 -0.2 -0.5 -0.6 -0.3 -0.1 -0.1 -0.2 -0.2
Emerging Market and
Developing Economies -4.4 -8.4 -5.0 -3.7 -5.2 -5.5 -6.1 -5.9 -5.5 -5.4 -5.3 -5.3
Emerging Market and
Middle-Income Economies -4.4 -8.6 -5.0 -3.7 -5.3 -5.6 -6.3 -6.1 -5.6 -5.5 -5.4 -5.4
Emerging Markets excl. China -3.1 -7.8 -4.2 -3.7 -4.2 -4.3 -4.5 -4.2 -3.8 -3.5 -3.4 -3.3
Excluding MENA Oil Producers -4.6 -8.7 -5.3 -3.7 -5.8 -6.0 -6.5 -6.3 -5.9 -5.8 -5.7 -5.7
Asia -5.6 -9.4 -6.3 -3.7 -6.4 -6.7 -7.6 -7.6 -7.2 -7.2 -7.1 -7.1
China2 -6.0 -9.6 -5.9 -3.7 -6.7 -7.3 -8.6 -8.5 -8.1 -8.1 -8.0 -8.1
India -7.7 -12.9 -9.4 -3.7 -7.9 -7.4 -6.9 -7.2 -7.1 -7.0 -6.8 -6.7
Vietnam -0.4 -2.9 -1.4 -3.7 -2.4 -1.6 -3.4 -3.2 -3.0 -2.9 -2.9 -2.9
Europe -0.6 -5.4 -1.7 -3.7 -4.2 -4.4 -4.0 -3.4 -3.0 -2.8 -2.7 -2.7
Russia 1.9 -4.0 0.8 -3.7 -2.5 -2.2 -1.0 -1.2 -1.1 -1.1 -1.2 -1.3
Latin America -3.7 -8.2 -3.9 -3.7 -5.2 -4.8 -4.8 -4.0 -3.4 -3.1 -2.9 -2.9
Brazil -4.9 -11.6 -2.6 -3.7 -7.7 -6.6 -8.5 -7.7 -6.3 -5.2 -4.9 -4.7
Mexico -2.3 -4.3 -3.7 -3.7 -4.3 -5.7 -4.0 -3.3 -2.9 -2.9 -2.9 -2.9
MENA -2.3 -8.2 -1.9 -3.7 0.1 -1.6 -3.4 -3.2 -2.4 -1.8 -1.5 -1.2
Saudi Arabia -4.2 -10.7 -2.2 -3.7 -2.0 -2.8 -4.9 -4.9 -4.0 -3.7 -3.3 -3.1
South Africa -5.1 -9.6 -5.5 -3.7 -5.4 -6.1 -6.6 -6.1 -5.9 -5.8 -5.7 -5.6
Low-Income Developing
Countries -4.1 -5.4 -4.6 -3.7 -3.9 -3.4 -3.5 -3.3 -3.1 -3.1 -3.2 -3.2
Kenya -7.4 -8.1 -7.2 -3.7 -5.7 -5.5 -5.4 -5.0 -4.4 -3.9 -3.6 -3.6
Nigeria -4.7 -5.6 -5.5 -3.7 -4.2 -3.4 -4.5 -4.5 -3.9 -4.3 -4.7 -4.7
Oil Producers -0.1 -7.3 -0.6 -3.7 0.5 -0.9 -1.2 -1.3 -1.0 -0.8 -0.6 -0.5
Memorandum
World Output (percent) 2.9 -2.7 6.6 3.6 3.5 3.3 2.8 3.0 3.2 3.2 3.2 3.1